element                            reference x,y,w,h      build x,y,w,h          delta
headline CONCRETE (right letters)  [600, 427, 270, 204]   [604, 429, 273, 204]   [4, 2, 3, 0]
headline CONCRETE width            [36, 430, 831, 150]    [36, 430, 838, 150]    [0, 0, 7, 0]
headline RADIO lower               [37, 700, 490, 128]    [37, 700, 493, 131]    [0, 0, 3, 3]
kicker                             [29, 70, 358, 10]      [29, 70, 357, 10]      [0, 0, -1, 0]
badge circle                       [702, 84, 150, 150]    [702, 84, 150, 150]    [0, 0, 0, 0]
badge text                         [741, 133, 72, 52]     [742, 133, 71, 53]     [1, 0, -1, 1]
marquee text                       [25, 17, 1415, 12]     [25, 17, 1415, 12]     [0, 0, 0, 0]
schedule header                    [927, 61, 64, 10]      [928, 61, 64, 10]      [1, 0, 0, 0]
row1 time                          [927, 111, 40, 10]     [928, 110, 40, 10]     [1, -1, 0, 0]
row1 name                          [1036, 108, 149, 22]   [1035, 108, 149, 22]   [-1, 0, 0, 0]
row3 name                          [1037, 407, 110, 22]   [1035, 408, 111, 22]   [-2, 1, 1, 0]
row3 dot                           [1155, 413, 20, 19]    [1155, 412, 20, 20]    [0, -1, 0, 1]
footer left                        [23, 868, 313, 8]      [24, 867, 313, 8]      [1, -1, 0, 0]
footer call                        [1210, 868, 108, 8]    [1213, 867, 103, 8]    [3, -1, -5, 0]
footer donate                      [1368, 868, 48, 8]     [1368, 867, 47, 8]     [0, -1, -1, 0]
rules full       ref V[(900, 3)] H[(0, 17), (19, 6), (26, 18), (427, 114), (690, 1), (841, 3)]
                 bld V[(900, 3)] H[(0, 17), (19, 6), (26, 18), (429, 113), (692, 1), (841, 3)]
rules schedule   ref V[] H[(89, 3), (240, 1), (390, 17), (429, 112), (690, 1), (840, 1)]
                 bld V[] H[(89, 3), (240, 1), (391, 17), (430, 112), (692, 1)]
rules footer     ref V[(1184, 3), (1342, 3)] H[]
                 bld V[(1184, 3), (1342, 3)] H[]
marquee ref runs [(25, 77), (146, 471), (539, 770), (838, 891), (959, 1284), (1352, 1439)]
            dots [111.5, 505.0, 804.0, 925.0, 1318.0]
marquee bld runs [(25, 77), (145, 471), (539, 770), (838, 890), (958, 1283), (1351, 1439)]
            dots [111.5, 505.0, 804.0, 924.0, 1317.0]
